Exp2_Opt_Params_3_sources = [13.36,8.91,4.55,14,-19,-21,
                            15.02,274.12,-4.99,13,-40,22,
                            15.15,93.5,-3.91,38,-30,-33,
                            -34.81,7.14,24.43,-34.93,
                            93.56]

Exp2_Opt_Params_3_sources = [13.36,8.91,4.55,13.91,-18.57,-21.06,
                            15.02,274.12,-4.99,13.01,-39.84,21.95,
                            15.15,93.5,-3.91,38.03,-30.3,-33.49,
                            -34.81,7.14,24.43,-34.93,
                            93.56]

Exp2_Opt_Params_3_sources = [ 13.35649157   8.90959871   4.5465789   13.90711721 -18.56630617
 -21.05581503  15.02461377 274.12392162  -4.99238442  13.00701794
 -39.84480935  21.95267724  15.14510722  93.50479555  -3.91343224
  38.02872388 -30.29807098 -33.49399183 -34.93330313  24.43020109
   7.13585988 -34.8112532   93.55775009]

[ 13.36    8.91    4.547  13.91  -18.57  -21.06   15.02  274.1    -4.992
  13.01  -39.84   21.95   15.15   93.5    -3.913  38.03  -30.3   -33.49
 -34.93   24.43    7.136 -34.81   93.56 ]